"respondent_id","stimulus_id","timestamp_in_ms","gaze_x","gaze_y","time_ref_in_ms","time_spent_in_ms","normalized_time_spent_in_ms"
1,0,209,0.481,0.511,0,209,3.82817081182465
1,0,254,0.611,0.04,209,45,-0.206617851829617
1,0,335,0.547,0.174,254,81,0.679067464582296
1,0,346,0.577,0.358,335,11,-1.04309842844087
1,0,375,0.659,-0.004,346,29,-0.600255770234911
1,0,408,0.537,0.268,375,33,-0.501846290633588
1,0,466,0.528,0.384,408,58,0.113212956874685
1,0,539,0.646,0.116,466,73,0.482248505379649
1,0,591,0.631,0.186,539,52,-0.0344012625273004
1,0,641,0.64,0.249,591,50,-0.0836060023279622
1,0,691,0.603,0.359,641,50,-0.0836060023279622
1,0,741,0.519,0.505,691,50,-0.0836060023279622
1,0,791,0.487,0.544,741,50,-0.0836060023279622
1,0,842,0.438,0.598,791,51,-0.0590036324276313
1,0,893,0.433,0.622,842,51,-0.0590036324276313
1,0,941,0.432,0.647,893,48,-0.132810742128624
1,0,992,0.435,0.662,941,51,-0.0590036324276313
1,0,1041,0.434,0.674,992,49,-0.108208372228293
1,0,1104,0.432,0.677,1041,63,0.23622480637634
1,0,1142,0.427,0.678,1104,38,-0.378834441131933
1,0,1205,0.423,0.679,1142,63,0.23622480637634
1,0,1258,0.423,0.687,1205,53,-0.00979889262696946
1,0,1289,0.426,0.696,1258,31,-0.55105103043425
1,0,1337,0.434,0.71,1289,48,-0.132810742128624
1,0,1389,0.436,0.714,1337,52,-0.0344012625273004
1,0,1453,0.439,0.718,1389,64,0.260827176276671
1,0,1490,0.443,0.721,1453,37,-0.403436811032264
1,0,1549,0.447,0.718,1490,59,0.137815326775016
1,0,1600,0.45,0.71,1549,51,-0.0590036324276313
1,0,1652,0.449,0.704,1600,52,-0.0344012625273004
1,0,1683,0.453,0.7,1652,31,-0.55105103043425
1,0,1736,0.458,0.701,1683,53,-0.00979889262696946
1,0,1799,0.458,0.707,1736,63,0.23622480637634
1,0,1840,0.447,0.712,1799,41,-0.30502733143094
1,0,1904,0.437,0.714,1840,64,0.260827176276671
1,0,1956,0.43,0.713,1904,52,-0.0344012625273004
1,0,2003,0.419,0.711,1956,47,-0.157413112028955
1,0,2056,0.422,0.711,2003,53,-0.00979889262696946
1,0,2087,0.42,0.711,2056,31,-0.55105103043425
1,0,2154,0.421,0.71,2087,67,0.334634285977663
1,0,2188,0.426,0.71,2154,34,-0.477243920733257
1,0,2255,0.233,0.16,2188,67,0.334634285977663
1,0,2303,0.217,-0.0069999999999999,2255,48,-0.132810742128624
1,0,2658,0.499,0.154,2303,355,7.42011681727297
1,0,2708,0.456,0.309,2658,50,-0.0836060023279622
1,0,2755,0.449,0.465,2708,47,-0.157413112028955
1,0,2819,0.449,0.542,2755,64,0.260827176276671
1,0,2854,0.455,0.579,2819,35,-0.452641550832926
1,0,2888,0.457,0.61,2854,34,-0.477243920733257
1,0,2952,0.454,0.637,2888,64,0.260827176276671
1,0,3002,0.461,0.686,2952,50,-0.0836060023279622
1,0,3052,0.457,0.697,3002,50,-0.0836060023279622
1,0,3104,0.449,0.69,3052,52,-0.0344012625273004
1,0,3170,0.423,0.673,3104,66,0.310031916077332
1,0,3204,0.265,0.523,3170,34,-0.477243920733257
1,0,3271,0.172,0.414,3204,67,0.334634285977663
1,0,3305,0.143,0.4,3271,34,-0.477243920733257
1,0,3337,0.12,0.381,3305,32,-0.526448660533919
1,0,3403,0.102,0.374,3337,66,0.310031916077332
1,0,3452,0.093,0.373,3403,49,-0.108208372228293
1,0,3521,0.089,0.369,3452,69,0.383839025778325
1,0,3555,0.087,0.369,3521,34,-0.477243920733257
1,0,3617,0.09,0.365,3555,62,0.211622436476009
1,0,3653,0.091,0.363,3617,36,-0.428039180932595
1,0,3702,0.088,0.359,3653,49,-0.108208372228293
1,0,3750,0.087,0.35,3702,48,-0.132810742128624
1,0,3799,0.078,0.343,3750,49,-0.108208372228293
1,0,3852,0.074,0.331,3799,53,-0.00979889262696946
1,0,3918,0.075,0.321,3852,66,0.310031916077332
1,0,3954,0.077,0.308,3918,36,-0.428039180932595
1,0,4019,0.083,0.296,3954,65,0.285429546177002
1,0,4054,0.083,0.291,4019,35,-0.452641550832926
1,0,4117,0.085,0.28,4054,63,0.23622480637634
1,0,4154,0.087,0.279,4117,37,-0.403436811032264
1,0,4220,0.085,0.269,4154,66,0.310031916077332
1,0,4257,0.086,0.263,4220,37,-0.403436811032264
1,0,4318,0.088,0.25,4257,61,0.187020066575678
1,0,4353,0.089,0.24,4318,35,-0.452641550832926
1,0,4403,0.09,0.232,4353,50,-0.0836060023279622
1,0,4470,0.092,0.222,4403,67,0.334634285977663
1,0,4502,0.095,0.216,4470,32,-0.526448660533919
1,0,4551,0.123,0.243,4502,49,-0.108208372228293
1,0,4612,0.275,0.377,4551,61,0.187020066575678
1,0,4647,0.397,0.503,4612,35,-0.452641550832926
1,0,4713,0.467,0.599,4647,66,0.310031916077332
1,0,4747,0.472,0.611,4713,34,-0.477243920733257
1,0,4819,0.473,0.617,4747,72,0.457646135479318
1,0,4870,0.467,0.618,4819,51,-0.0590036324276313
1,0,4936,0.459,0.624,4870,66,0.310031916077332
1,0,4970,0.451,0.63,4936,34,-0.477243920733257
1,0,5003,0.448,0.633,4970,33,-0.501846290633588
1,0,5069,0.443,0.637,5003,66,0.310031916077332
1,0,5102,0.442,0.635,5069,33,-0.501846290633588
1,0,5169,0.442,0.638,5102,67,0.334634285977663
1,0,5217,0.44,0.636,5169,48,-0.132810742128624
1,0,5284,0.44,0.641,5217,67,0.334634285977663
1,0,5319,0.443,0.643,5284,35,-0.452641550832926
1,0,5352,0.442,0.647,5319,33,-0.501846290633588
1,0,5417,0.442,0.654,5352,65,0.285429546177002
1,0,5452,0.44,0.659,5417,35,-0.452641550832926
1,0,5516,0.441,0.664,5452,64,0.260827176276671
1,0,5569,0.443,0.663,5516,53,-0.00979889262696946
1,0,5634,0.443,0.661,5569,65,0.285429546177002
1,0,5669,0.444,0.659,5634,35,-0.452641550832926
1,0,5733,0.434,0.636,5669,64,0.260827176276671
1,0,5769,0.41,0.585,5733,36,-0.428039180932595
1,0,5801,0.335,0.424,5769,32,-0.526448660533919
1,0,5866,0.289,0.347,5801,65,0.285429546177002
1,0,5916,0.274,0.32,5866,50,-0.0836060023279622
1,0,5983,0.271,0.312,5916,67,0.334634285977663
1,0,6019,0.266,0.31,5983,36,-0.428039180932595
1,0,6077,0.261,0.306,6019,58,0.113212956874685
1,0,6112,0.256,0.303,6077,35,-0.452641550832926
1,0,6163,0.248,0.307,6112,51,-0.0590036324276313
1,0,6209,0.244,0.307,6163,46,-0.182015481929286
1,0,6263,0.242,0.31,6209,54,0.0148034772733615
1,0,6327,0.23,0.312,6263,64,0.260827176276671
1,0,6363,0.234,0.33,6327,36,-0.428039180932595
1,0,6427,0.259,0.392,6363,64,0.260827176276671
1,0,6462,0.361,0.631,6427,35,-0.452641550832926
1,0,6513,0.375,0.667,6462,51,-0.0590036324276313
1,0,6563,0.397,0.69,6513,50,-0.0836060023279622
1,0,6612,0.413,0.711,6563,49,-0.108208372228293
1,0,6662,0.421,0.72,6612,50,-0.0836060023279622
1,0,6729,0.43,0.729,6662,67,0.334634285977663
1,0,6764,0.429,0.732,6729,35,-0.452641550832926
1,0,6817,0.434,0.735,6764,53,-0.00979889262696946
1,0,6865,0.436,0.737,6817,48,-0.132810742128624
1,0,6933,0.441,0.737,6865,68,0.359236655877994
1,0,7000,0.444,0.739,6933,67,0.334634285977663
1,0,7036,0.452,0.749,7000,36,-0.428039180932595
1,0,7067,0.454,0.755,7036,31,-0.55105103043425
1,0,7131,0.455,0.766,7067,64,0.260827176276671
1,0,7165,0.46,0.772,7131,34,-0.477243920733257
1,0,7215,0.461,0.793,7165,50,-0.0836060023279622
1,0,7283,0.464,0.803,7215,68,0.359236655877994
1,0,7332,0.465,0.811,7283,49,-0.108208372228293
1,0,7381,0.461,0.818,7332,49,-0.108208372228293
1,0,7417,0.459,0.817,7381,36,-0.428039180932595
1,0,7482,0.453,0.792,7417,65,0.285429546177002
1,0,7517,0.452,0.795,7482,35,-0.452641550832926
1,0,7567,0.451,0.805,7517,50,-0.0836060023279622
1,0,7630,0.452,0.807,7567,63,0.23622480637634
1,0,7682,0.448,0.813,7630,52,-0.0344012625273004
1,0,7731,0.441,0.807,7682,49,-0.108208372228293
1,0,7797,0.438,0.793,7731,66,0.310031916077332
1,0,7833,0.427,0.785,7797,36,-0.428039180932595
1,0,7866,0.421,0.777,7833,33,-0.501846290633588
1,0,7916,0.419,0.798,7866,50,-0.0836060023279622
1,0,7983,0.416,0.805,7916,67,0.334634285977663
1,0,8032,0.415,0.815,7983,49,-0.108208372228293
1,0,8098,0.409,0.832,8032,66,0.310031916077332
1,0,8132,0.405,0.84,8098,34,-0.477243920733257
1,0,8197,0.394,0.848,8132,65,0.285429546177002
1,0,8232,0.388,0.861,8197,35,-0.452641550832926
1,0,8266,0.38,0.865,8232,34,-0.477243920733257
1,0,8328,0.376,0.852,8266,62,0.211622436476009
1,0,8396,0.379,0.848,8328,68,0.359236655877994
1,0,8431,0.379,0.843,8396,35,-0.452641550832926
1,0,8498,0.383,0.843,8431,67,0.334634285977663
1,0,8530,0.384,0.841,8498,32,-0.526448660533919
1,0,8573,0.381,0.831,8530,43,-0.255822591630279
1,0,8932,0.533,-0.024,8573,359,7.51852629687429
1,0,8982,0.527,-0.00099999999999989,8932,50,-0.0836060023279622
1,0,9097,0.516,0.03,8982,115,1.51554804119355
1,0,9132,0.517,0.069,9097,35,-0.452641550832926
1,0,9198,0.515,0.087,9132,66,0.310031916077332
1,0,9231,0.516,0.102,9198,33,-0.501846290633588
1,0,9282,0.518,0.12,9231,51,-0.0590036324276313
1,0,9327,0.515,0.157,9282,45,-0.206617851829617
1,0,9379,0.52,0.175,9327,52,-0.0344012625273004
1,0,9462,0.527,0.175,9379,83,0.728272204382958
1,0,9497,0.533,0.18,9462,35,-0.452641550832926
1,0,9529,0.529,0.188,9497,32,-0.526448660533919
1,0,9590,0.52,0.198,9529,61,0.187020066575678
1,0,9625,0.442,0.581,9590,35,-0.452641550832926
1,0,9675,0.448,0.641,9625,50,-0.0836060023279622
1,0,9722,0.449,0.692,9675,47,-0.157413112028955
1,0,9791,0.453,0.721,9722,69,0.383839025778325
1,0,9830,0.457,0.749,9791,39,-0.354232071231602
1,0,9895,0.457,0.764,9830,65,0.285429546177002
1,0,9930,0.451,0.766,9895,35,-0.452641550832926
1,0,9992,0.447,0.767,9930,62,0.211622436476009
1,0,10028,0.441,0.771,9992,36,-0.428039180932595
1,0,10080,0.439,0.771,10028,52,-0.0344012625273004
1,0,10163,0.429,0.777,10080,83,0.728272204382958
1,0,10198,0.427,0.78,10163,35,-0.452641550832926
1,0,10262,0.414,0.793,10198,64,0.260827176276671
1,0,10297,0.419,0.789,10262,35,-0.452641550832926
1,0,10330,0.421,0.791,10297,33,-0.501846290633588
1,0,10377,0.426,0.788,10330,47,-0.157413112028955
1,0,10427,0.426,0.784,10377,50,-0.0836060023279622
1,0,10494,0.428,0.776,10427,67,0.334634285977663
1,0,10557,0.432,0.777,10494,63,0.23622480637634
1,0,10592,0.435,0.779,10557,35,-0.452641550832926
1,0,10658,0.428,0.78,10592,66,0.310031916077332
1,0,10692,0.428,0.774,10658,34,-0.477243920733257
1,0,10727,0.423,0.764,10692,35,-0.452641550832926
1,0,10772,0.416,0.753,10727,45,-0.206617851829617
1,0,10842,0.422,0.734,10772,70,0.408441395678656
1,0,10909,0.677,0.689,10842,67,0.334634285977663
1,0,10943,0.752,0.708,10909,34,-0.477243920733257
1,0,11010,0.792,0.713,10943,67,0.334634285977663
1,0,11045,0.812,0.715,11010,35,-0.452641550832926
1,0,11079,0.471,0.501,11045,34,-0.477243920733257
1,0,11127,0.117,0.069,11079,48,-0.132810742128624
1,0,11193,0.129,0.109,11127,66,0.310031916077332
1,0,11262,0.123,0.131,11193,69,0.383839025778325
1,0,11296,0.122,0.141,11262,34,-0.477243920733257
1,0,11361,0.133,0.168,11296,65,0.285429546177002
1,0,11395,0.134,0.229,11361,34,-0.477243920733257
1,0,11443,0.146,0.282,11395,48,-0.132810742128624
1,0,11496,0.149,0.32,11443,53,-0.00979889262696946
1,0,11543,0.393,0.424,11496,47,-0.157413112028955
1,0,11609,0.586,0.471,11543,66,0.310031916077332
1,0,11644,0.623,0.386,11609,35,-0.452641550832926
1,0,11843,0.66,-0.00299999999999989,11644,199,3.58214711282134
1,0,11911,0.656,0.041,11843,68,0.359236655877994
1,0,11945,0.655,0.0659999999999999,11911,34,-0.477243920733257
1,0,12011,0.648,0.115,11945,66,0.310031916077332
1,0,12044,0.652,0.138,12011,33,-0.501846290633588
1,0,12094,0.656,0.164,12044,50,-0.0836060023279622
1,0,12142,0.669,0.187,12094,48,-0.132810742128624
1,0,12195,0.678,0.204,12142,53,-0.00979889262696946
1,0,12259,0.634,0.381,12195,64,0.260827176276671
1,0,12324,0.544,0.624,12259,65,0.285429546177002
1,0,12359,0.527,0.82,12324,35,-0.452641550832926
1,0,12393,0.52,0.865,12359,34,-0.477243920733257
1,0,12442,0.518,0.885,12393,49,-0.108208372228293
1,0,12491,0.521,0.903,12442,49,-0.108208372228293
1,0,12541,0.527,0.912,12491,50,-0.0836060023279622
1,0,12608,0.533,0.92,12541,67,0.334634285977663
1,0,12675,0.535,0.927,12608,67,0.334634285977663
1,0,12710,0.533,0.931,12675,35,-0.452641550832926
1,0,12744,0.529,0.926,12710,34,-0.477243920733257
1,0,12792,0.524,0.926,12744,48,-0.132810742128624
1,0,12841,0.524,0.92,12792,49,-0.108208372228293
1,0,12893,0.52,0.92,12841,52,-0.0344012625273004
1,0,12976,0.517,0.914,12893,83,0.728272204382958
1,0,13010,0.514,0.907,12976,34,-0.477243920733257
1,0,13076,0.511,0.896,13010,66,0.310031916077332
1,0,13110,0.506,0.893,13076,34,-0.477243920733257
1,0,13144,0.505,0.891,13110,34,-0.477243920733257
1,0,13192,0.499,0.878,13144,48,-0.132810742128624
1,0,13244,0.493,0.872,13192,52,-0.0344012625273004
1,0,13308,0.494,0.866,13244,64,0.260827176276671
1,0,13375,0.495,0.853,13308,67,0.334634285977663
1,0,13410,0.497,0.841,13375,35,-0.452641550832926
1,0,13476,0.503,0.824,13410,66,0.310031916077332
1,0,13510,0.506,0.817,13476,34,-0.477243920733257
1,0,13544,0.506,0.807,13510,34,-0.477243920733257
1,0,13592,0.511,0.805,13544,48,-0.132810742128624
1,0,13675,0.513,0.786,13592,83,0.728272204382958
1,0,13709,0.506,0.78,13675,34,-0.477243920733257
1,0,13776,0.498,0.784,13709,67,0.334634285977663
1,0,13814,0.489,0.781,13776,38,-0.378834441131933
1,0,13862,0.486,0.752,13814,48,-0.132810742128624
1,0,13912,0.486,0.71,13862,50,-0.0836060023279622
1,0,13946,0.485,0.691,13912,34,-0.477243920733257
1,0,14009,0.485,0.67,13946,63,0.23622480637634
1,0,14076,0.484,0.652,14009,67,0.334634285977663
1,0,14110,0.489,0.647,14076,34,-0.477243920733257
1,0,14160,0.633,0.234,14110,50,-0.0836060023279622
1,0,14207,0.696,0.208,14160,47,-0.157413112028955
1,0,14260,0.725,0.186,14207,53,-0.00979889262696946
1,0,14307,0.745,0.161,14260,47,-0.157413112028955
1,0,14375,0.782,0.121,14307,68,0.359236655877994
1,0,14410,0.765,0.122,14375,35,-0.452641550832926
1,0,14477,0.715,0.167,14410,67,0.334634285977663
1,0,14510,0.579,0.309,14477,33,-0.501846290633588
1,0,14559,0.565,0.348,14510,49,-0.108208372228293
1,0,14606,0.562,0.382,14559,47,-0.157413112028955
1,0,14659,0.556,0.412,14606,53,-0.00979889262696946
1,0,14723,0.56,0.436,14659,64,0.260827176276671
1,0,14759,0.56,0.452,14723,36,-0.428039180932595
1,0,14824,0.555,0.458,14759,65,0.285429546177002
1,0,14859,0.549,0.461,14824,35,-0.452641550832926
1,0,14909,0.54,0.458,14859,50,-0.0836060023279622
1,0,14957,0.535,0.458,14909,48,-0.132810742128624
1,0,15009,0.527,0.464,14957,52,-0.0344012625273004
1,0,15079,0.519,0.481,15009,70,0.408441395678656
1,0,15146,0.515,0.499,15079,67,0.334634285977663
1,0,15181,0.511,0.503,15146,35,-0.452641550832926
1,0,15214,0.509,0.516,15181,33,-0.501846290633588
1,0,15262,0.521,0.561,15214,48,-0.132810742128624
1,0,15314,0.578,0.848,15262,52,-0.0344012625273004
1,0,15356,0.627,1.002,15314,42,-0.280424961530609
1,0,15424,0.663,0.998,15356,68,0.359236655877994
1,0,15491,0.665,1.003,15424,67,0.334634285977663
1,0,15525,0.676,1.006,15491,34,-0.477243920733257
1,0,15575,0.682,1.027,15525,50,-0.0836060023279622
1,0,15705,0.568,0.741,15575,130,1.88458358969851
1,0,15755,0.532,0.023,15705,50,-0.0836060023279622
1,0,15826,0.475,0.1,15755,71,0.433043765578987
1,0,15893,0.373,0.566,15826,67,0.334634285977663
1,0,15928,0.374,0.66,15893,35,-0.452641550832926
1,0,15978,0.385,0.711,15928,50,-0.0836060023279622
1,0,16010,0.401,0.769,15978,32,-0.526448660533919
1,0,16059,0.42,0.84,16010,49,-0.108208372228293
1,0,16110,0.431,0.857,16059,51,-0.0590036324276313
1,0,16175,0.45,0.76,16110,65,0.285429546177002
1,0,16244,0.455,0.715,16175,69,0.383839025778325
1,0,16277,0.465,0.685,16244,33,-0.501846290633588
1,0,16324,0.468,0.678,16277,47,-0.157413112028955
1,0,16375,0.278,0.341,16324,51,-0.0590036324276313
1,0,16406,0.171,0.292,16375,31,-0.55105103043425
1,0,16456,0.171,0.312,16406,50,-0.0836060023279622
1,0,16524,0.166,0.33,16456,68,0.359236655877994
1,0,16587,0.16,0.329,16524,63,0.23622480637634
1,0,16623,0.168,0.336,16587,36,-0.428039180932595
1,0,16673,0.173,0.328,16623,50,-0.0836060023279622
1,0,16721,0.187,0.314,16673,48,-0.132810742128624
1,0,16773,0.201,0.305,16721,52,-0.0344012625273004
1,0,16841,0.212,0.299,16773,68,0.359236655877994
1,0,16875,0.224,0.304,16841,34,-0.477243920733257
1,0,16976,0.251,0.349,16875,101,1.17111486258891
1,0,17022,0.403,0.529,16976,46,-0.182015481929286
1,0,17078,0.42,0.561,17022,56,0.0640082170740233
1,0,17125,0.435,0.574,17078,47,-0.157413112028955
1,0,17176,0.427,0.542,17125,51,-0.0590036324276313
1,0,17243,0.432,0.514,17176,67,0.334634285977663
1,0,17277,0.423,0.48,17243,34,-0.477243920733257
1,0,17325,0.414,0.45,17277,48,-0.132810742128624
1,0,17374,0.416,0.449,17325,49,-0.108208372228293
1,0,17423,0.414,0.447,17374,49,-0.108208372228293
1,0,17490,0.415,0.445,17423,67,0.334634285977663
1,0,17525,0.419,0.449,17490,35,-0.452641550832926
1,0,17588,0.421,0.453,17525,63,0.23622480637634
1,0,17654,0.417,0.448,17588,66,0.310031916077332
1,0,17689,0.418,0.46,17654,35,-0.452641550832926
1,0,17723,0.415,0.47,17689,34,-0.477243920733257
1,0,17772,0.41,0.483,17723,49,-0.108208372228293
1,0,17826,0.408,0.49,17772,54,0.0148034772733615
1,0,17894,0.409,0.512,17826,68,0.359236655877994
1,0,17959,0.416,0.524,17894,65,0.285429546177002
1,0,17994,0.419,0.537,17959,35,-0.452641550832926
1,0,18046,0.42,0.551,17994,52,-0.0344012625273004
1,0,18071,0.415,0.561,18046,25,-0.698665249836235
1,0,18120,0.412,0.562,18071,49,-0.108208372228293
1,0,18169,0.385,0.544,18120,49,-0.108208372228293
1,0,18220,0.353,0.525,18169,51,-0.0590036324276313
1,0,18287,0.342,0.508,18220,67,0.334634285977663
1,0,18354,0.241,0.416,18287,67,0.334634285977663
1,0,18389,0.235,0.401,18354,35,-0.452641550832926
1,0,18440,0.227,0.391,18389,51,-0.0590036324276313
1,0,18472,0.218,0.382,18440,32,-0.526448660533919
1,0,18520,0.204,0.364,18472,48,-0.132810742128624
1,0,18575,0.177,0.351,18520,55,0.0394058471736924
1,0,18642,0.16,0.345,18575,67,0.334634285977663
1,0,18708,0.147,0.339,18642,66,0.310031916077332
1,0,18744,0.152,0.333,18708,36,-0.428039180932595
1,0,18794,0.205,0.324,18744,50,-0.0836060023279622
1,0,18835,0.226,0.314,18794,41,-0.30502733143094
1,0,18870,0.248,0.313,18835,35,-0.452641550832926
1,0,18918,0.375,0.297,18870,48,-0.132810742128624
1,0,18985,0.383,0.307,18918,67,0.334634285977663
1,0,19051,0.389,0.31,18985,66,0.310031916077332
1,0,19089,0.391,0.311,19051,38,-0.378834441131933
1,0,19136,0.389,0.31,19089,47,-0.157413112028955
1,0,19189,0.392,0.318,19136,53,-0.00979889262696946
1,0,19240,0.391,0.318,19189,51,-0.0590036324276313
1,0,19272,0.388,0.314,19240,32,-0.526448660533919
1,0,19338,0.387,0.312,19272,66,0.310031916077332
1,0,19403,0.394,0.309,19338,65,0.285429546177002
1,0,19438,0.396,0.314,19403,35,-0.452641550832926
1,0,19488,0.403,0.321,19438,50,-0.0836060023279622
1,0,19537,0.404,0.321,19488,49,-0.108208372228293
1,0,19603,0.402,0.32,19537,66,0.310031916077332
1,0,19639,0.401,0.313,19603,36,-0.428039180932595
1,0,19703,0.396,0.311,19639,64,0.260827176276671
1,0,19739,0.397,0.316,19703,36,-0.428039180932595
1,0,19788,0.393,0.318,19739,49,-0.108208372228293
1,0,19838,0.391,0.322,19788,50,-0.0836060023279622
1,0,19891,0.385,0.337,19838,53,-0.00979889262696946
1,0,19939,0.366,0.371,19891,48,-0.132810742128624
1,0,20005,0.352,0.416,19939,66,0.310031916077332
1,0,20071,0.318,0.502,20005,66,0.310031916077332
1,0,20102,0.307,0.575,20071,31,-0.55105103043425
1,0,20136,0.311,0.591,20102,34,-0.477243920733257
1,0,20183,0.319,0.602,20136,47,-0.157413112028955
1,0,20235,0.324,0.599,20183,52,-0.0344012625273004
1,0,20301,0.324,0.583,20235,66,0.310031916077332
1,0,20337,0.325,0.563,20301,36,-0.428039180932595
1,0,20402,0.328,0.546,20337,65,0.285429546177002
1,0,20469,0.33,0.526,20402,67,0.334634285977663
1,0,20504,0.329,0.485,20469,35,-0.452641550832926
1,0,20701,0.648,-0.00099999999999989,20504,197,3.53294237302068
1,0,21648,0.416,-0.0289999999999999,20701,947,21.9847197982689
1,0,21696,0.416,-0.0249999999999999,21648,48,-0.132810742128624
1,0,21732,0.414,-0.016,21696,36,-0.428039180932595
1,0,21796,0.412,0.00900000000000001,21732,64,0.260827176276671
1,0,21867,0.416,0.01,21796,71,0.433043765578987
1,0,21902,0.416,0.017,21867,35,-0.452641550832926
1,0,21952,0.414,0.032,21902,50,-0.0836060023279622
1,0,22000,0.413,0.0590000000000001,21952,48,-0.132810742128624
1,0,22067,0.409,0.102,22000,67,0.334634285977663
1,0,22102,0.403,0.113,22067,35,-0.452641550832926
1,0,22136,0.403,0.124,22102,34,-0.477243920733257
1,0,22200,0.402,0.141,22136,64,0.260827176276671
1,0,22252,0.395,0.145,22200,52,-0.0344012625273004
1,0,22299,0.396,0.142,22252,47,-0.157413112028955
1,0,22351,0.391,0.132,22299,52,-0.0344012625273004
1,0,22417,0.389,0.123,22351,66,0.310031916077332
1,0,22451,0.396,0.119,22417,34,-0.477243920733257
1,0,22516,0.399,0.114,22451,65,0.285429546177002
1,0,22551,0.406,0.107,22516,35,-0.452641550832926
1,0,22599,0.418,0.092,22551,48,-0.132810742128624
1,0,22650,0.422,0.073,22599,51,-0.0590036324276313
1,0,22699,0.433,0.056,22650,49,-0.108208372228293
1,0,22750,0.442,0.041,22699,51,-0.0590036324276313
1,0,22816,0.445,0.031,22750,66,0.310031916077332
1,0,22850,0.456,0.026,22816,34,-0.477243920733257
1,0,22916,0.454,0.00900000000000001,22850,66,0.310031916077332
1,0,22951,0.447,-0.002,22916,35,-0.452641550832926
1,0,22998,0.442,-0.004,22951,47,-0.157413112028955
1,0,23048,0.436,-0.004,22998,50,-0.0836060023279622
1,0,23100,0.436,-0.00299999999999989,23048,52,-0.0344012625273004
1,0,23165,0.441,-0.00299999999999989,23100,65,0.285429546177002
1,0,23201,0.439,-0.004,23165,36,-0.428039180932595
1,0,23267,0.441,-0.004,23201,66,0.310031916077332
1,0,23318,0.454,-0.0169999999999999,23267,51,-0.0590036324276313
1,0,23799,0.488,0.003,23318,481,10.5200154247147
1,0,23865,0.462,0.108,23799,66,0.310031916077332
1,0,23901,0.428,0.216,23865,36,-0.428039180932595
1,0,23965,0.417,0.247,23901,64,0.260827176276671
1,0,24018,0.419,0.285,23965,53,-0.00979889262696946
1,0,24533,0.576,-0.026,24018,515,11.3564960013259
1,0,24565,0.572,-0.022,24533,32,-0.526448660533919
1,0,24598,0.565,-0.002,24565,33,-0.501846290633588
1,0,24663,0.559,-0.00099999999999989,24598,65,0.285429546177002
1,0,24711,0.556,0,24663,48,-0.132810742128624
1,0,24764,0.553,-0.00099999999999989,24711,53,-0.00979889262696946
1,0,24816,0.546,-0.00299999999999989,24764,52,-0.0344012625273004
1,0,24881,0.536,-0.002,24816,65,0.285429546177002
1,0,24916,0.528,-0.00299999999999989,24881,35,-0.452641550832926
1,0,24980,0.515,-0.002,24916,64,0.260827176276671
1,0,25016,0.502,0.004,24980,36,-0.428039180932595
1,0,25064,0.49,0.00600000000000001,25016,48,-0.132810742128624
1,0,25113,0.479,0.014,25064,49,-0.108208372228293
1,0,25166,0.463,0.02,25113,53,-0.00979889262696946
1,0,25215,0.461,0.028,25166,49,-0.108208372228293
1,0,25283,0.465,0.032,25215,68,0.359236655877994
1,0,25315,0.492,0.025,25283,32,-0.526448660533919
1,0,25381,0.512,0.031,25315,66,0.310031916077332
1,0,25418,0.533,0.03,25381,37,-0.403436811032264
1,0,25462,0.548,0.034,25418,44,-0.231220221729948
1,0,25512,0.551,0.041,25462,50,-0.0836060023279622
1,0,25564,0.537,0.054,25512,52,-0.0344012625273004
1,0,25629,0.533,0.055,25564,65,0.285429546177002
1,0,25664,0.521,0.0639999999999999,25629,35,-0.452641550832926
1,0,25731,0.513,0.07,25664,67,0.334634285977663
1,0,25779,0.516,0.079,25731,48,-0.132810742128624
1,0,25828,0.52,0.089,25779,49,-0.108208372228293
1,0,25860,0.522,0.091,25828,32,-0.526448660533919
1,0,25910,0.512,0.096,25860,50,-0.0836060023279622
1,0,25977,0.477,0.111,25910,67,0.334634285977663
1,0,26012,0.455,0.114,25977,35,-0.452641550832926
1,0,26081,0.44,0.112,26012,69,0.383839025778325
1,0,26131,0.433,0.109,26081,50,-0.0836060023279622
1,0,26178,0.416,0.108,26131,47,-0.157413112028955
1,0,26248,0.404,0.109,26178,70,0.408441395678656
1,0,26281,0.414,0.107,26248,33,-0.501846290633588
1,0,26315,0.425,0.11,26281,34,-0.477243920733257
1,0,26379,0.443,0.111,26315,64,0.260827176276671
1,0,26431,0.455,0.107,26379,52,-0.0344012625273004
1,0,26478,0.466,0.115,26431,47,-0.157413112028955
1,0,26530,0.471,0.115,26478,52,-0.0344012625273004
1,0,26578,0.468,0.111,26530,48,-0.132810742128624
1,0,26615,0.471,0.109,26578,37,-0.403436811032264
1,0,26680,0.475,0.106,26615,65,0.285429546177002
1,0,26714,0.483,0.101,26680,34,-0.477243920733257
1,0,26780,0.488,0.102,26714,66,0.310031916077332
1,0,26828,0.501,0.1,26780,48,-0.132810742128624
1,0,26877,0.503,0.103,26828,49,-0.108208372228293
1,0,26926,0.499,0.109,26877,49,-0.108208372228293
1,0,26993,0.493,0.121,26926,67,0.334634285977663
1,0,27028,0.493,0.124,26993,35,-0.452641550832926
1,0,27064,0.493,0.132,27028,36,-0.428039180932595
1,0,27130,0.494,0.134,27064,66,0.310031916077332
1,0,27178,0.499,0.125,27130,48,-0.132810742128624
1,0,27229,0.5,0.123,27178,51,-0.0590036324276313
1,0,27280,0.5,0.121,27229,51,-0.0590036324276313
1,0,27319,0.508,0.125,27280,39,-0.354232071231602
1,0,27396,0.511,0.129,27319,77,0.580657984980972
1,0,27430,0.519,0.132,27396,34,-0.477243920733257
1,0,27480,0.528,0.124,27430,50,-0.0836060023279622
1,0,27529,0.525,0.115,27480,49,-0.108208372228293
1,0,27577,0.53,0.105,27529,48,-0.132810742128624
1,0,27628,0.53,0.093,27577,51,-0.0590036324276313
1,0,27695,0.527,0.089,27628,67,0.334634285977663
1,0,27729,0.525,0.083,27695,34,-0.477243920733257
1,0,27795,0.524,0.084,27729,66,0.310031916077332
1,0,27833,0.529,0.076,27795,38,-0.378834441131933
1,0,27880,0.53,0.069,27833,47,-0.157413112028955
1,0,27928,0.532,0.0659999999999999,27880,48,-0.132810742128624
1,0,27978,0.53,0.049,27928,50,-0.0836060023279622
1,0,28045,0.524,0.039,27978,67,0.334634285977663
1,0,28080,0.522,0.033,28045,35,-0.452641550832926
1,0,28146,0.522,0.026,28080,66,0.310031916077332
1,0,28180,0.521,0.034,28146,34,-0.477243920733257
1,0,28248,0.523,0.037,28180,68,0.359236655877994
1,0,28295,0.518,0.035,28248,47,-0.157413112028955
1,0,28328,0.517,0.037,28295,33,-0.501846290633588
1,0,28392,0.519,0.037,28328,64,0.260827176276671
1,0,28428,0.515,0.04,28392,36,-0.428039180932595
1,0,28492,0.516,0.05,28428,64,0.260827176276671
1,0,28527,0.517,0.0580000000000001,28492,35,-0.452641550832926
1,0,28594,0.518,0.0620000000000001,28527,67,0.334634285977663
1,0,28647,0.526,0.0679999999999999,28594,53,-0.00979889262696946
1,0,28693,0.539,0.076,28647,46,-0.182015481929286
1,0,28745,0.544,0.084,28693,52,-0.0344012625273004
1,0,28779,0.552,0.093,28745,34,-0.477243920733257
1,0,28844,0.558,0.103,28779,65,0.285429546177002
1,0,28879,0.555,0.109,28844,35,-0.452641550832926
1,0,28946,0.56,0.114,28879,67,0.334634285977663
1,0,28996,0.568,0.111,28946,50,-0.0836060023279622
1,0,29065,0.573,0.118,28996,69,0.383839025778325
1,0,29097,0.579,0.126,29065,32,-0.526448660533919
1,0,29131,0.581,0.129,29097,34,-0.477243920733257
1,0,29195,0.584,0.134,29131,64,0.260827176276671
1,0,29235,0.589,0.131,29195,40,-0.329629701331271
1,0,29294,0.592,0.121,29235,59,0.137815326775016
1,0,29343,0.591,0.123,29294,49,-0.108208372228293
1,0,29392,0.594,0.129,29343,49,-0.108208372228293
1,0,29459,0.594,0.137,29392,67,0.334634285977663
1,0,29494,0.592,0.145,29459,35,-0.452641550832926
1,0,29528,0.593,0.146,29494,34,-0.477243920733257
1,0,29577,0.59,0.149,29528,49,-0.108208372228293
1,0,29641,0.566,0.167,29577,64,0.260827176276671
1,0,29692,0.548,0.126,29641,51,-0.0590036324276313
1,0,29895,0.568,-0.00099999999999989,29692,203,3.68055659242267
1,0,29932,0.518,0.155,29895,37,-0.403436811032264
1,0,29990,0.496,0.229,29932,58,0.113212956874685
1,0,30043,0.471,0.331,29990,53,-0.00979889262696946
1,0,30092,0.491,0.333,30043,49,-0.108208372228293
1,0,30160,0.498,0.317,30092,68,0.359236655877994
1,0,30198,0.514,0.304,30160,38,-0.378834441131933
1,0,30259,0.524,0.289,30198,61,0.187020066575678
1,0,30295,0.528,0.283,30259,36,-0.428039180932595
1,0,30339,0.535,0.28,30295,44,-0.231220221729948
1,0,30388,0.538,0.274,30339,49,-0.108208372228293
1,0,30439,0.538,0.271,30388,51,-0.0590036324276313
1,0,30505,0.546,0.27,30439,66,0.310031916077332
1,0,30543,0.554,0.273,30505,38,-0.378834441131933
1,0,30609,0.558,0.268,30543,66,0.310031916077332
1,0,30643,0.567,0.26,30609,34,-0.477243920733257
1,0,30710,0.567,0.253,30643,67,0.334634285977663
1,0,30742,0.564,0.249,30710,32,-0.526448660533919
1,0,30792,0.553,0.245,30742,50,-0.0836060023279622
1,0,30858,0.547,0.249,30792,66,0.310031916077332
1,0,30894,0.521,0.279,30858,36,-0.428039180932595
1,0,30959,0.518,0.329,30894,65,0.285429546177002
1,0,30994,0.451,0.512,30959,35,-0.452641550832926
1,0,31060,0.434,0.548,30994,66,0.310031916077332
1,0,31108,0.428,0.588,31060,48,-0.132810742128624
1,0,31143,0.414,0.648,31108,35,-0.452641550832926
1,0,31209,0.407,0.653,31143,66,0.310031916077332
1,0,31244,0.404,0.664,31209,35,-0.452641550832926
1,0,31308,0.399,0.674,31244,64,0.260827176276671
1,0,31343,0.397,0.673,31308,35,-0.452641550832926
1,0,31409,0.392,0.681,31343,66,0.310031916077332
1,0,31461,0.387,0.685,31409,52,-0.0344012625273004
1,0,31525,0.389,0.689,31461,64,0.260827176276671
1,0,31561,0.385,0.69,31525,36,-0.428039180932595
1,0,31594,0.385,0.693,31561,33,-0.501846290633588
1,0,31660,0.398,0.678,31594,66,0.310031916077332
1,0,32010,0.506,-0.0209999999999999,31660,350,7.29710496777131
1,0,32042,0.508,0.002,32010,32,-0.526448660533919
1,0,32107,0.509,0.034,32042,65,0.285429546177002
1,0,32158,0.496,0.07,32107,51,-0.0590036324276313
1,0,32223,0.453,0.12,32158,65,0.285429546177002
1,0,32259,0.365,0.179,32223,36,-0.428039180932595
1,0,32325,0.298,0.2,32259,66,0.310031916077332
1,0,32359,0.287,0.214,32325,34,-0.477243920733257
1,0,32393,0.311,0.237,32359,34,-0.477243920733257
1,0,32457,0.342,0.258,32393,64,0.260827176276671
1,0,32510,0.363,0.272,32457,53,-0.00979889262696946
1,0,32573,0.384,0.284,32510,63,0.23622480637634
1,0,32609,0.396,0.289,32573,36,-0.428039180932595
1,0,32673,0.408,0.296,32609,64,0.260827176276671
1,0,32709,0.417,0.31,32673,36,-0.428039180932595
1,0,32758,0.413,0.354,32709,49,-0.108208372228293
1,0,32806,0.441,0.424,32758,48,-0.132810742128624
1,0,32857,0.441,0.462,32806,51,-0.0590036324276313
1,0,32905,0.433,0.493,32857,48,-0.132810742128624
1,0,32972,0.428,0.539,32905,67,0.334634285977663
1,0,33008,0.408,0.599,32972,36,-0.428039180932595
1,0,33074,0.397,0.628,33008,66,0.310031916077332
1,0,33109,0.397,0.619,33074,35,-0.452641550832926
1,0,33173,0.39,0.611,33109,64,0.260827176276671
1,0,33209,0.385,0.611,33173,36,-0.428039180932595
1,0,33273,0.377,0.614,33209,64,0.260827176276671
1,0,33308,0.369,0.615,33273,35,-0.452641550832926
1,0,33373,0.365,0.627,33308,65,0.285429546177002
1,0,33408,0.366,0.634,33373,35,-0.452641550832926
1,0,33458,0.365,0.629,33408,50,-0.0836060023279622
1,0,33507,0.364,0.63,33458,49,-0.108208372228293
1,0,33572,0.361,0.629,33507,65,0.285429546177002
1,0,33608,0.354,0.63,33572,36,-0.428039180932595
1,0,33673,0.347,0.637,33608,65,0.285429546177002
1,0,33708,0.342,0.638,33673,35,-0.452641550832926
1,0,33773,0.334,0.637,33708,65,0.285429546177002
1,0,33807,0.334,0.637,33773,34,-0.477243920733257
1,0,33855,0.337,0.636,33807,48,-0.132810742128624
1,0,33921,0.345,0.639,33855,66,0.310031916077332
1,0,33986,0.349,0.641,33921,65,0.285429546177002
1,0,34022,0.349,0.643,33986,36,-0.428039180932595
1,0,34079,0.372,0.62,34022,57,0.0886105869743542
1,0,34122,0.39,0.597,34079,43,-0.255822591630279
1,0,34155,0.405,0.571,34122,33,-0.501846290633588
1,0,34202,0.451,0.515,34155,47,-0.157413112028955
1,0,34270,0.49,0.447,34202,68,0.359236655877994
1,0,34337,0.489,0.439,34270,67,0.334634285977663
1,0,34377,0.492,0.442,34337,40,-0.329629701331271
1,0,34436,0.488,0.452,34377,59,0.137815326775016
1,0,34471,0.466,0.476,34436,35,-0.452641550832926
1,0,34505,0.456,0.504,34471,34,-0.477243920733257
1,0,34555,0.435,0.53,34505,50,-0.0836060023279622
1,0,34623,0.418,0.551,34555,68,0.359236655877994
1,0,34688,0.349,0.652,34623,65,0.285429546177002
1,0,34724,0.336,0.658,34688,36,-0.428039180932595
1,0,34788,0.332,0.668,34724,64,0.260827176276671
1,0,34824,0.331,0.675,34788,36,-0.428039180932595
1,0,34859,0.347,0.557,34824,35,-0.452641550832926
1,0,35036,0.533,-0.0289999999999999,34859,177,3.04089497501406
1,0,35071,0.439,0.176,35036,35,-0.452641550832926
1,0,35171,0.412,0.333,35071,100,1.14651249268858
1,0,35220,0.401,0.393,35171,49,-0.108208372228293
1,0,35255,0.37,0.5,35220,35,-0.452641550832926
1,0,35321,0.354,0.514,35255,66,0.310031916077332
1,0,35388,0.327,0.52,35321,67,0.334634285977663
1,0,35423,0.32,0.526,35388,35,-0.452641550832926
1,0,35488,0.316,0.533,35423,65,0.285429546177002
1,0,35522,0.311,0.536,35488,34,-0.477243920733257
1,0,35571,0.31,0.551,35522,49,-0.108208372228293
1,0,35611,0.303,0.565,35571,40,-0.329629701331271
1,0,35670,0.299,0.573,35611,59,0.137815326775016
1,0,35720,0.303,0.584,35670,50,-0.0836060023279622
1,0,35770,0.305,0.597,35720,50,-0.0836060023279622
1,0,35839,0.297,0.61,35770,69,0.383839025778325
1,0,35874,0.298,0.615,35839,35,-0.452641550832926
1,0,35923,0.297,0.619,35874,49,-0.108208372228293
1,0,35973,0.295,0.629,35923,50,-0.0836060023279622
1,0,36041,0.299,0.639,35973,68,0.359236655877994
1,0,36067,0.294,0.647,36041,26,-0.674062879935904
1,0,36134,0.297,0.645,36067,67,0.334634285977663
1,0,36169,0.292,0.632,36134,35,-0.452641550832926
1,0,36218,0.292,0.627,36169,49,-0.108208372228293
1,0,36269,0.284,0.621,36218,51,-0.0590036324276313
1,0,36316,0.284,0.621,36269,47,-0.157413112028955
1,0,36383,0.282,0.618,36316,67,0.334634285977663
1,0,36452,0.276,0.61,36383,69,0.383839025778325
1,0,36490,0.264,0.594,36452,38,-0.378834441131933
1,0,36516,0.257,0.585,36490,26,-0.674062879935904
1,0,36572,0.252,0.584,36516,56,0.0640082170740233
1,0,36620,0.26,0.59,36572,48,-0.132810742128624
1,0,36672,0.261,0.585,36620,52,-0.0344012625273004
1,0,36754,0.265,0.589,36672,82,0.703669834482627
1,0,36789,0.271,0.596,36754,35,-0.452641550832926
1,0,36853,0.278,0.598,36789,64,0.260827176276671
1,0,36892,0.289,0.606,36853,39,-0.354232071231602
1,0,36919,0.293,0.606,36892,27,-0.649460510035573
1,0,36969,0.291,0.598,36919,50,-0.0836060023279622
1,0,37020,0.296,0.605,36969,51,-0.0590036324276313
1,0,37082,0.294,0.607,37020,62,0.211622436476009
1,0,37150,0.303,0.613,37082,68,0.359236655877994
1,0,37185,0.305,0.623,37150,35,-0.452641550832926
1,0,37250,0.306,0.633,37185,65,0.285429546177002
1,0,37284,0.302,0.643,37250,34,-0.477243920733257
1,0,37316,0.299,0.654,37284,32,-0.526448660533919
1,0,37367,0.301,0.655,37316,51,-0.0590036324276313
1,0,37436,0.302,0.66,37367,69,0.383839025778325
1,0,37501,0.303,0.663,37436,65,0.285429546177002
1,0,37536,0.302,0.67,37501,35,-0.452641550832926
1,0,37604,0.3,0.681,37536,68,0.359236655877994
1,0,37639,0.304,0.68,37604,35,-0.452641550832926
1,0,37688,0.306,0.68,37639,49,-0.108208372228293
1,0,37722,0.307,0.677,37688,34,-0.477243920733257
1,0,37787,0.303,0.673,37722,65,0.285429546177002
1,0,37853,0.304,0.67,37787,66,0.310031916077332
1,0,37888,0.307,0.665,37853,35,-0.452641550832926
1,0,37954,0.306,0.664,37888,66,0.310031916077332
1,0,37988,0.311,0.666,37954,34,-0.477243920733257
1,0,38037,0.307,0.665,37988,49,-0.108208372228293
1,0,38091,0.305,0.666,38037,54,0.0148034772733615
1,0,38158,0.332,0.669,38091,67,0.334634285977663
1,0,38192,0.669,0.674,38158,34,-0.477243920733257
1,0,38259,0.71,0.668,38192,67,0.334634285977663
1,0,38292,0.735,0.673,38259,33,-0.501846290633588
1,0,38336,0.765,0.674,38292,44,-0.231220221729948
1,0,38384,0.772,0.686,38336,48,-0.132810742128624
1,0,38437,0.686,0.688,38384,53,-0.00979889262696946
1,0,38518,0.444,0.665,38437,81,0.679067464582296
1,0,38553,0.353,0.646,38518,35,-0.452641550832926
1,0,38586,0.341,0.647,38553,33,-0.501846290633588
1,0,38652,0.327,0.645,38586,66,0.310031916077332
1,0,38687,0.316,0.646,38652,35,-0.452641550832926
1,0,38736,0.309,0.651,38687,49,-0.108208372228293
1,0,38789,0.355,0.623,38736,53,-0.00979889262696946
1,0,39087,0.757,0.054,38789,298,6.0177817329541
1,0,39140,0.767,0.18,39087,53,-0.00979889262696946
1,0,39222,0.774,0.297,39140,82,0.703669834482627
1,0,39256,0.684,0.297,39222,34,-0.477243920733257
1,0,39318,0.572,0.229,39256,62,0.211622436476009
1,0,39357,0.559,0.195,39318,39,-0.354232071231602
1,0,39385,0.538,0.183,39357,28,-0.624858140135242
1,0,39435,0.518,0.175,39385,50,-0.0836060023279622
1,0,39486,0.502,0.185,39435,51,-0.0590036324276313
1,0,39535,0.488,0.202,39486,49,-0.108208372228293
1,0,39599,0.486,0.219,39535,64,0.260827176276671
1,0,39666,0.484,0.232,39599,67,0.334634285977663
1,0,39702,0.486,0.241,39666,36,-0.428039180932595
1,0,39750,0.485,0.251,39702,48,-0.132810742128624
1,0,39783,0.48,0.258,39750,33,-0.501846290633588
1,0,39831,0.455,0.287,39783,48,-0.132810742128624
1,0,39883,0.417,0.351,39831,52,-0.0344012625273004
1,0,39949,0.394,0.403,39883,66,0.310031916077332
1,0,40016,0.323,0.517,39949,67,0.334634285977663
1,0,40050,0.31,0.541,40016,34,-0.477243920733257
1,0,40091,0.3,0.546,40050,41,-0.30502733143094
1,0,40151,0.295,0.558,40091,60,0.162417696675347
1,0,40182,0.292,0.555,40151,31,-0.55105103043425
1,0,40232,0.282,0.545,40182,50,-0.0836060023279622
1,0,40300,0.274,0.549,40232,68,0.359236655877994
1,0,40366,0.272,0.551,40300,66,0.310031916077332
1,0,40400,0.269,0.56,40366,34,-0.477243920733257
1,0,40450,0.268,0.577,40400,50,-0.0836060023279622
1,0,40497,0.269,0.585,40450,47,-0.157413112028955
1,0,40550,0.272,0.602,40497,53,-0.00979889262696946
1,0,40584,0.281,0.61,40550,34,-0.477243920733257
1,0,40649,0.29,0.619,40584,65,0.285429546177002
1,0,40716,0.295,0.628,40649,67,0.334634285977663
1,0,40751,0.297,0.634,40716,35,-0.452641550832926
1,0,40801,0.291,0.634,40751,50,-0.0836060023279622
1,0,40850,0.287,0.645,40801,49,-0.108208372228293
1,0,40912,0.288,0.658,40850,62,0.211622436476009
1,0,40950,0.304,0.637,40912,38,-0.378834441131933
1,0,41015,0.354,0.579,40950,65,0.285429546177002
1,0,41048,0.433,0.439,41015,33,-0.501846290633588
1,0,41114,0.473,0.386,41048,66,0.310031916077332
1,0,41150,0.478,0.393,41114,36,-0.428039180932595
1,0,41197,0.481,0.386,41150,47,-0.157413112028955
1,0,41249,0.479,0.371,41197,52,-0.0344012625273004
1,0,41297,0.476,0.359,41249,48,-0.132810742128624
1,0,41365,0.464,0.353,41297,68,0.359236655877994
1,0,41400,0.426,0.379,41365,35,-0.452641550832926
1,0,41467,0.402,0.405,41400,67,0.334634285977663
1,0,41500,0.294,0.51,41467,33,-0.501846290633588
1,0,41550,0.295,0.542,41500,50,-0.0836060023279622
1,0,41598,0.296,0.559,41550,48,-0.132810742128624
1,0,41664,0.298,0.575,41598,66,0.310031916077332
1,0,41732,0.297,0.59,41664,68,0.359236655877994
1,0,41767,0.292,0.613,41732,35,-0.452641550832926
1,0,41799,0.289,0.631,41767,32,-0.526448660533919
1,0,41847,0.287,0.646,41799,48,-0.132810742128624
1,0,41897,0.327,0.697,41847,50,-0.0836060023279622
1,0,41948,0.471,0.811,41897,51,-0.0590036324276313
1,0,41997,0.503,0.827,41948,49,-0.108208372228293
1,0,42061,0.539,0.832,41997,64,0.260827176276671
1,0,42128,0.581,0.841,42061,67,0.334634285977663
1,0,42163,0.589,0.83,42128,35,-0.452641550832926
1,0,42214,0.565,0.345,42163,51,-0.0590036324276313
1,0,42247,0.576,0.333,42214,33,-0.501846290633588
1,0,42294,0.587,0.335,42247,47,-0.157413112028955
1,0,42351,0.585,0.339,42294,57,0.0886105869743542
1,0,42417,0.59,0.339,42351,66,0.310031916077332
1,0,42483,0.602,0.334,42417,66,0.310031916077332
1,0,42518,0.611,0.334,42483,35,-0.452641550832926
1,0,42562,0.608,0.34,42518,44,-0.231220221729948
1,0,42613,0.599,0.343,42562,51,-0.0590036324276313
1,0,42645,0.582,0.349,42613,32,-0.526448660533919
1,0,42694,0.571,0.356,42645,49,-0.108208372228293
1,0,42762,0.563,0.364,42694,68,0.359236655877994
1,0,42830,0.557,0.372,42762,68,0.359236655877994
1,0,42866,0.554,0.374,42830,36,-0.428039180932595
1,0,42915,0.546,0.369,42866,49,-0.108208372228293
1,0,42962,0.536,0.368,42915,47,-0.157413112028955
1,0,43015,0.528,0.358,42962,53,-0.00979889262696946
1,0,43047,0.535,0.359,43015,32,-0.526448660533919
1,0,43112,0.518,0.355,43047,65,0.285429546177002
1,0,43179,0.516,0.35,43112,67,0.334634285977663
1,0,43214,0.512,0.347,43179,35,-0.452641550832926
1,0,43264,0.505,0.343,43214,50,-0.0836060023279622
1,0,43311,0.512,0.348,43264,47,-0.157413112028955
1,0,43364,0.513,0.355,43311,53,-0.00979889262696946
1,0,43429,0.515,0.35,43364,65,0.285429546177002
1,0,43464,0.513,0.356,43429,35,-0.452641550832926
1,0,43528,0.508,0.349,43464,64,0.260827176276671
1,0,43565,0.51,0.342,43528,37,-0.403436811032264
1,0,43614,0.506,0.341,43565,49,-0.108208372228293
1,0,43665,0.509,0.338,43614,51,-0.0590036324276313
1,0,43712,0.507,0.331,43665,47,-0.157413112028955
1,0,43780,0.506,0.322,43712,68,0.359236655877994
1,0,43815,0.505,0.318,43780,35,-0.452641550832926
1,0,43879,0.5,0.316,43815,64,0.260827176276671
1,0,43931,0.499,0.321,43879,52,-0.0344012625273004
1,0,43960,0.496,0.323,43931,29,-0.600255770234911
1,0,44012,0.494,0.321,43960,52,-0.0344012625273004
1,0,44063,0.497,0.308,44012,51,-0.0590036324276313
1,0,44104,0.499,0.292,44063,41,-0.30502733143094
1,0,44171,0.5,0.283,44104,67,0.334634285977663
1,0,44241,0.498,0.273,44171,70,0.408441395678656
1,0,44275,0.494,0.274,44241,34,-0.477243920733257
1,0,44314,0.495,0.276,44275,39,-0.354232071231602
1,0,44362,0.493,0.277,44314,48,-0.132810742128624
1,0,44412,0.488,0.274,44362,50,-0.0836060023279622
1,0,44479,0.484,0.272,44412,67,0.334634285977663
1,0,44547,0.482,0.27,44479,68,0.359236655877994
1,0,44583,0.489,0.273,44547,36,-0.428039180932595
1,0,44630,0.488,0.279,44583,47,-0.157413112028955
1,0,44664,0.482,0.311,44630,34,-0.477243920733257
1,0,44713,0.467,0.376,44664,49,-0.108208372228293
1,0,44760,0.434,0.514,44713,47,-0.157413112028955
1,0,44811,0.412,0.584,44760,51,-0.0590036324276313
1,0,44879,0.404,0.617,44811,68,0.359236655877994
1,0,44945,0.383,0.661,44879,66,0.310031916077332
1,0,44984,0.378,0.67,44945,39,-0.354232071231602
1,0,45015,0.369,0.677,44984,31,-0.55105103043425
1,0,45075,0.359,0.679,45015,60,0.162417696675347
1,0,45111,0.351,0.685,45075,36,-0.428039180932595
1,0,45178,0.345,0.692,45111,67,0.334634285977663
1,0,45246,0.343,0.698,45178,68,0.359236655877994
1,0,45287,0.338,0.707,45246,41,-0.30502733143094
1,0,45327,0.328,0.726,45287,40,-0.329629701331271
1,0,45375,0.327,0.734,45327,48,-0.132810742128624
1,0,45425,0.32,0.738,45375,50,-0.0836060023279622
1,0,45474,0.321,0.732,45425,49,-0.108208372228293
1,0,45510,0.313,0.733,45474,36,-0.428039180932595
1,0,45580,0.31,0.722,45510,70,0.408441395678656
1,0,45647,0.311,0.718,45580,67,0.334634285977663
1,0,45683,0.319,0.72,45647,36,-0.428039180932595
1,0,45733,0.323,0.721,45683,50,-0.0836060023279622
1,0,45780,0.327,0.724,45733,47,-0.157413112028955
1,0,45842,0.334,0.729,45780,62,0.211622436476009
1,0,45877,0.337,0.729,45842,35,-0.452641550832926
1,0,45911,0.339,0.727,45877,34,-0.477243920733257
1,0,45976,0.336,0.723,45911,65,0.285429546177002
1,0,46027,0.333,0.714,45976,51,-0.0590036324276313
1,0,46079,0.333,0.713,46027,52,-0.0344012625273004
1,0,46127,0.333,0.712,46079,48,-0.132810742128624
1,0,46175,0.335,0.715,46127,48,-0.132810742128624
1,0,46244,0.336,0.72,46175,69,0.383839025778325
1,0,46277,0.333,0.722,46244,33,-0.501846290633588
1,0,46343,0.332,0.722,46277,66,0.310031916077332
1,0,46380,0.33,0.727,46343,37,-0.403436811032264
1,0,46427,0.331,0.723,46380,47,-0.157413112028955
1,0,46477,0.329,0.717,46427,50,-0.0836060023279622
1,0,46546,0.333,0.71,46477,69,0.383839025778325
1,0,46578,0.336,0.702,46546,32,-0.526448660533919
1,0,46642,0.338,0.699,46578,64,0.260827176276671
1,0,46709,0.343,0.696,46642,67,0.334634285977663
1,0,46745,0.342,0.692,46709,36,-0.428039180932595
1,0,46776,0.341,0.69,46745,31,-0.55105103043425
1,0,46825,0.335,0.683,46776,49,-0.108208372228293
1,0,46875,0.33,0.676,46825,50,-0.0836060023279622
1,0,46942,0.327,0.662,46875,67,0.334634285977663
1,0,46977,0.326,0.655,46942,35,-0.452641550832926
1,0,47045,0.331,0.655,46977,68,0.359236655877994
1,0,47093,0.332,0.646,47045,48,-0.132810742128624
1,0,47147,0.332,0.645,47093,54,0.0148034772733615
1,0,47245,0.326,0.642,47147,98,1.09730775288792
1,0,47278,0.327,0.646,47245,33,-0.501846290633588
1,0,47342,0.328,0.649,47278,64,0.260827176276671
1,0,47408,0.327,0.65,47342,66,0.310031916077332
1,0,47443,0.322,0.649,47408,35,-0.452641550832926
1,0,47493,0.312,0.644,47443,50,-0.0836060023279622
1,0,47528,0.314,0.64,47493,35,-0.452641550832926
1,0,47574,0.31,0.649,47528,46,-0.182015481929286
1,0,47624,0.294,0.68,47574,50,-0.0836060023279622
1,0,47691,0.273,0.723,47624,67,0.334634285977663
1,0,47758,0.239,0.783,47691,67,0.334634285977663
1,0,47794,0.191,0.893,47758,36,-0.428039180932595
1,0,47841,0.195,0.915,47794,47,-0.157413112028955
1,0,47888,0.215,0.895,47841,47,-0.157413112028955
1,0,47955,0.248,0.863,47888,67,0.334634285977663
1,0,47991,0.269,0.844,47955,36,-0.428039180932595
1,0,48024,0.293,0.83,47991,33,-0.501846290633588
1,0,48090,0.3,0.825,48024,66,0.310031916077332
1,0,48143,0.299,0.823,48090,53,-0.00979889262696946
1,0,48190,0.308,0.821,48143,47,-0.157413112028955
1,0,48232,0.308,0.821,48190,42,-0.280424961530609
1,0,48289,0.314,0.813,48232,57,0.0886105869743542
1,0,48356,0.33,0.793,48289,67,0.334634285977663
1,0,48392,0.327,0.788,48356,36,-0.428039180932595
1,0,48456,0.33,0.776,48392,64,0.260827176276671
1,0,48492,0.337,0.768,48456,36,-0.428039180932595
1,0,48541,0.342,0.764,48492,49,-0.108208372228293
1,0,48590,0.339,0.75,48541,49,-0.108208372228293
1,0,48658,0.33,0.74,48590,68,0.359236655877994
1,0,48692,0.317,0.732,48658,34,-0.477243920733257
1,0,48758,0.314,0.725,48692,66,0.310031916077332
1,0,48793,0.311,0.724,48758,35,-0.452641550832926
1,0,48839,0.312,0.715,48793,46,-0.182015481929286
1,0,48889,0.31,0.711,48839,50,-0.0836060023279622
1,0,48940,0.31,0.696,48889,51,-0.0590036324276313
1,0,49006,0.349,0.634,48940,66,0.310031916077332
1,0,49041,0.458,0.435,49006,35,-0.452641550832926
1,0,49107,0.473,0.429,49041,66,0.310031916077332
1,0,49175,0.481,0.428,49107,68,0.359236655877994
1,0,49208,0.487,0.434,49175,33,-0.501846290633588
1,0,49243,0.5,0.439,49208,35,-0.452641550832926
1,0,49290,0.506,0.432,49243,47,-0.157413112028955
1,0,49342,0.51,0.42,49290,52,-0.0344012625273004
1,0,49405,0.506,0.413,49342,63,0.23622480637634
1,0,49441,0.502,0.403,49405,36,-0.428039180932595
1,0,49507,0.501,0.397,49441,66,0.310031916077332
1,0,49555,0.504,0.392,49507,48,-0.132810742128624
1,0,49592,0.511,0.383,49555,37,-0.403436811032264
1,0,49641,0.518,0.383,49592,49,-0.108208372228293
1,0,49708,0.521,0.381,49641,67,0.334634285977663
1,0,49742,0.522,0.378,49708,34,-0.477243920733257
1,0,49807,0.519,0.373,49742,65,0.285429546177002
1,0,49873,0.51,0.372,49807,66,0.310031916077332
1,0,49908,0.507,0.373,49873,35,-0.452641550832926
1,0,49956,0.503,0.376,49908,48,-0.132810742128624
1,0,49992,0.504,0.381,49956,36,-0.428039180932595
1,0,50040,0.509,0.38,49992,48,-0.132810742128624
1,0,50107,0.511,0.378,50040,67,0.334634285977663
1,0,50141,0.519,0.376,50107,34,-0.477243920733257
1,0,50206,0.519,0.381,50141,65,0.285429546177002
1,0,50260,0.519,0.386,50206,54,0.0148034772733615
1,0,50306,0.487,0.413,50260,46,-0.182015481929286
1,0,50354,0.468,0.429,50306,48,-0.132810742128624
1,0,50406,0.451,0.448,50354,52,-0.0344012625273004
1,0,50504,0.43,0.481,50406,98,1.09730775288792
1,0,50573,0.43,0.488,50504,69,0.383839025778325
1,0,50609,0.443,0.477,50573,36,-0.428039180932595
1,0,50657,0.444,0.471,50609,48,-0.132810742128624
1,0,50709,0.45,0.458,50657,52,-0.0344012625273004
1,0,50756,0.454,0.443,50709,47,-0.157413112028955
1,0,50828,0.456,0.432,50756,72,0.457646135479318
1,0,50863,0.454,0.42,50828,35,-0.452641550832926
1,0,50927,0.469,0.413,50863,64,0.260827176276671
1,0,50962,0.499,0.388,50927,35,-0.452641550832926
1,0,51013,0.518,0.371,50962,51,-0.0590036324276313
1,0,51060,0.524,0.37,51013,47,-0.157413112028955
1,0,51129,0.522,0.363,51060,69,0.383839025778325
1,0,51163,0.512,0.353,51129,34,-0.477243920733257
1,0,51228,0.508,0.337,51163,65,0.285429546177002
1,0,51265,0.51,0.334,51228,37,-0.403436811032264
1,0,51311,0.506,0.331,51265,46,-0.182015481929286
1,0,51355,0.507,0.329,51311,44,-0.231220221729948
1,0,51407,0.5,0.329,51355,52,-0.0344012625273004
1,0,51472,0.499,0.327,51407,65,0.285429546177002
1,0,51541,0.497,0.326,51472,69,0.383839025778325
1,0,51574,0.494,0.317,51541,33,-0.501846290633588
1,0,51606,0.489,0.316,51574,32,-0.526448660533919
1,0,51656,0.485,0.319,51606,50,-0.0836060023279622
1,0,51705,0.485,0.33,51656,49,-0.108208372228293
1,0,51755,0.489,0.336,51705,50,-0.0836060023279622
1,0,51806,0.489,0.341,51755,51,-0.0590036324276313
1,0,51871,0.489,0.345,51806,65,0.285429546177002
1,0,51907,0.493,0.341,51871,36,-0.428039180932595
1,0,51972,0.495,0.345,51907,65,0.285429546177002
1,0,52023,0.497,0.342,51972,51,-0.0590036324276313
1,0,52054,0.497,0.337,52023,31,-0.55105103043425
1,0,52104,0.497,0.34,52054,50,-0.0836060023279622
1,0,52154,0.5,0.337,52104,50,-0.0836060023279622
1,0,52221,0.499,0.35,52154,67,0.334634285977663
1,0,52257,0.499,0.355,52221,36,-0.428039180932595
1,0,52321,0.497,0.351,52257,64,0.260827176276671
1,0,52372,0.495,0.342,52321,51,-0.0590036324276313
1,0,52419,0.493,0.336,52372,47,-0.157413112028955
1,0,52450,0.489,0.328,52419,31,-0.55105103043425
1,0,52500,0.491,0.327,52450,50,-0.0836060023279622
1,0,52551,0.482,0.332,52500,51,-0.0590036324276313
1,0,52621,0.481,0.33,52551,70,0.408441395678656
1,0,52656,0.479,0.33,52621,35,-0.452641550832926
1,0,52722,0.477,0.326,52656,66,0.310031916077332
1,0,52772,0.477,0.321,52722,50,-0.0836060023279622
1,0,52821,0.475,0.319,52772,49,-0.108208372228293
1,0,52853,0.479,0.321,52821,32,-0.526448660533919
1,0,52919,0.475,0.33,52853,66,0.310031916077332
1,0,52954,0.474,0.342,52919,35,-0.452641550832926
1,0,53022,0.452,0.347,52954,68,0.359236655877994
1,0,53072,0.48,0.232,53022,50,-0.0836060023279622
1,0,53237,0.435,0.103,53072,165,2.74566653621009
1,0,53272,0.401,0.222,53237,35,-0.452641550832926
1,0,53306,0.369,0.422,53272,34,-0.477243920733257
1,0,53371,0.357,0.499,53306,65,0.285429546177002
1,0,53427,0.341,0.613,53371,56,0.0640082170740233
1,0,53470,0.338,0.629,53427,43,-0.255822591630279
1,0,53523,0.333,0.645,53470,53,-0.00979889262696946
1,0,53570,0.329,0.646,53523,47,-0.157413112028955
1,0,53638,0.328,0.641,53570,68,0.359236655877994
1,0,53677,0.358,0.593,53638,39,-0.354232071231602
1,0,53706,0.375,0.553,53677,29,-0.600255770234911
1,0,53768,0.401,0.507,53706,62,0.211622436476009
1,0,53820,0.414,0.481,53768,52,-0.0344012625273004
1,0,53870,0.429,0.464,53820,50,-0.0836060023279622
1,0,53935,0.507,0.356,53870,65,0.285429546177002
1,0,53972,0.516,0.367,53935,37,-0.403436811032264
1,0,54036,0.497,0.408,53972,64,0.260827176276671
1,0,54070,0.481,0.43,54036,34,-0.477243920733257
1,0,54120,0.459,0.458,54070,50,-0.0836060023279622
1,0,54163,0.447,0.48,54120,43,-0.255822591630279
1,0,54215,0.442,0.5,54163,52,-0.0344012625273004
1,0,54261,0.44,0.515,54215,46,-0.182015481929286
1,0,54332,0.407,0.598,54261,71,0.433043765578987
1,0,54367,0.402,0.603,54332,35,-0.452641550832926
1,0,54417,0.392,0.605,54367,50,-0.0836060023279622
1,0,54470,0.386,0.601,54417,53,-0.00979889262696946
1,0,54514,0.38,0.591,54470,44,-0.231220221729948
1,0,54574,0.377,0.584,54514,60,0.162417696675347
1,0,54622,0.367,0.574,54574,48,-0.132810742128624
1,0,54689,0.36,0.566,54622,67,0.334634285977663
1,0,54724,0.345,0.553,54689,35,-0.452641550832926
1,0,54774,0.337,0.543,54724,50,-0.0836060023279622
1,0,54835,0.336,0.534,54774,61,0.187020066575678
1,0,54888,0.33,0.53,54835,53,-0.00979889262696946
1,0,54919,0.325,0.53,54888,31,-0.55105103043425
1,0,54985,0.314,0.53,54919,66,0.310031916077332
1,0,55020,0.304,0.533,54985,35,-0.452641550832926
1,0,55085,0.294,0.536,55020,65,0.285429546177002
1,0,55120,0.296,0.545,55085,35,-0.452641550832926
1,0,55187,0.295,0.551,55120,67,0.334634285977663
1,0,55234,0.299,0.565,55187,47,-0.157413112028955
1,0,55287,0.3,0.586,55234,53,-0.00979889262696946
1,0,55318,0.3,0.602,55287,31,-0.55105103043425
1,0,55390,0.334,0.62,55318,72,0.457646135479318
1,0,55421,0.652,0.727,55390,31,-0.55105103043425
1,0,55470,0.685,0.737,55421,49,-0.108208372228293
1,0,55535,0.702,0.755,55470,65,0.285429546177002
1,0,55584,0.643,0.766,55535,49,-0.108208372228293
1,0,55654,0.37,0.738,55584,70,0.408441395678656
1,0,55687,0.334,0.729,55654,33,-0.501846290633588
1,0,55752,0.31,0.727,55687,65,0.285429546177002
1,0,55788,0.289,0.73,55752,36,-0.428039180932595
1,0,55814,0.277,0.727,55788,26,-0.674062879935904
1,0,55880,0.27,0.721,55814,66,0.310031916077332
1,0,55933,0.27,0.721,55880,53,-0.00979889262696946
1,0,55981,0.271,0.717,55933,48,-0.132810742128624
1,0,56051,0.271,0.723,55981,70,0.408441395678656
1,0,56089,0.275,0.728,56051,38,-0.378834441131933
1,0,56150,0.274,0.724,56089,61,0.187020066575678
1,0,56185,0.273,0.722,56150,35,-0.452641550832926
1,0,56232,0.269,0.713,56185,47,-0.157413112028955
1,0,56351,0.264,0.664,56232,119,1.61395752079487
1,0,56386,0.263,0.615,56351,35,-0.452641550832926
1,0,56450,0.262,0.58,56386,64,0.260827176276671
1,0,56485,0.258,0.445,56450,35,-0.452641550832926
1,0,56535,0.266,0.434,56485,50,-0.0836060023279622
1,0,56584,0.274,0.435,56535,49,-0.108208372228293
1,0,56627,0.281,0.432,56584,43,-0.255822591630279
1,0,56677,0.506,0.296,56627,50,-0.0836060023279622
1,0,56729,0.549,0.3,56677,52,-0.0344012625273004
1,0,56795,0.602,0.299,56729,66,0.310031916077332
1,0,56839,0.627,0.323,56795,44,-0.231220221729948
1,0,56884,0.565,0.324,56839,45,-0.206617851829617
1,0,56949,0.496,0.327,56884,65,0.285429546177002
1,0,56984,0.461,0.333,56949,35,-0.452641550832926
1,0,57032,0.304,0.365,56984,48,-0.132810742128624
1,0,57100,0.289,0.376,57032,68,0.359236655877994
1,0,57136,0.278,0.392,57100,36,-0.428039180932595
1,0,57201,0.27,0.398,57136,65,0.285429546177002
1,0,57236,0.336,0.388,57201,35,-0.452641550832926
1,0,57295,0.506,0.385,57236,59,0.137815326775016
1,0,57379,0.527,0.41,57295,84,0.752874574283289
1,0,57443,0.532,0.443,57379,64,0.260827176276671
1,0,57478,0.538,0.458,57443,35,-0.452641550832926
1,0,57544,0.547,0.451,57478,66,0.310031916077332
1,0,57580,0.523,0.407,57544,36,-0.428039180932595
1,0,57632,0.116,0.07,57580,52,-0.0344012625273004
1,0,57697,0.087,0.038,57632,65,0.285429546177002
1,0,57745,0.077,0.035,57697,48,-0.132810742128624
1,0,57779,0.073,0.032,57745,34,-0.477243920733257
1,0,57845,0.113,0.034,57779,66,0.310031916077332
1,0,57978,0.493,-0.004,57845,133,1.9583906993995
1,0,58049,0.42,0.268,57978,71,0.433043765578987
1,0,58117,0.379,0.337,58049,68,0.359236655877994
1,0,58152,0.372,0.417,58117,35,-0.452641550832926
1,0,58185,0.362,0.455,58152,33,-0.501846290633588
1,0,58251,0.334,0.514,58185,66,0.310031916077332
1,0,58285,0.338,0.539,58251,34,-0.477243920733257
1,0,58333,0.342,0.551,58285,48,-0.132810742128624
1,0,58400,0.343,0.558,58333,67,0.334634285977663
1,0,58465,0.342,0.569,58400,65,0.285429546177002
1,0,58500,0.34,0.572,58465,35,-0.452641550832926
1,0,58566,0.339,0.579,58500,66,0.310031916077332
1,0,58599,0.342,0.572,58566,33,-0.501846290633588
1,0,58668,0.34,0.57,58599,69,0.383839025778325
1,0,58699,0.338,0.59,58668,31,-0.55105103043425
1,0,58746,0.329,0.586,58699,47,-0.157413112028955
1,0,58798,0.325,0.581,58746,52,-0.0344012625273004
1,0,58864,0.326,0.581,58798,66,0.310031916077332
1,0,58902,0.328,0.574,58864,38,-0.378834441131933
1,0,58963,0.334,0.581,58902,61,0.187020066575678
1,0,59000,0.341,0.59,58963,37,-0.403436811032264
1,0,59033,0.345,0.594,59000,33,-0.501846290633588
1,0,59097,0.356,0.602,59033,64,0.260827176276671
1,0,59146,0.359,0.602,59097,49,-0.108208372228293
1,0,59198,0.36,0.597,59146,52,-0.0344012625273004
1,0,59266,0.366,0.602,59198,68,0.359236655877994
1,0,59300,0.364,0.603,59266,34,-0.477243920733257
1,0,59346,0.367,0.605,59300,46,-0.182015481929286
1,0,59399,0.364,0.605,59346,53,-0.00979889262696946
1,0,59447,0.355,0.597,59399,48,-0.132810742128624
1,0,59497,0.345,0.585,59447,50,-0.0836060023279622
1,0,59562,0.338,0.577,59497,65,0.285429546177002
1,0,59592,0.332,0.574,59562,30,-0.57565340033458
1,0,59657,0.331,0.569,59592,65,0.285429546177002
1,0,59708,0.331,0.536,59657,51,-0.0590036324276313
1,0,59815,0.304,-0.00499999999999989,59708,107,1.3187290819909
1,0,59948,0.439,0.013,59815,133,1.9583906993995
1,0,60014,0.396,0.108,59948,66,0.310031916077332
1,0,60048,0.38,0.196,60014,34,-0.477243920733257
1,0,60097,0.353,0.3,60048,49,-0.108208372228293
1,0,60163,0.349,0.322,60097,66,0.310031916077332
1,0,60229,0.351,0.336,60163,66,0.310031916077332
1,0,60265,0.36,0.343,60229,36,-0.428039180932595
1,0,60299,0.363,0.357,60265,34,-0.477243920733257
1,0,60364,0.365,0.368,60299,65,0.285429546177002
1,0,60398,0.369,0.381,60364,34,-0.477243920733257
1,0,60449,0.364,0.389,60398,51,-0.0590036324276313
1,0,60516,0.366,0.395,60449,67,0.334634285977663
1,0,60580,0.364,0.411,60516,64,0.260827176276671
1,0,60623,0.364,0.42,60580,43,-0.255822591630279
1,0,60665,0.358,0.425,60623,42,-0.280424961530609
1,0,60714,0.358,0.431,60665,49,-0.108208372228293
1,0,60746,0.358,0.438,60714,32,-0.526448660533919
1,0,60795,0.36,0.445,60746,49,-0.108208372228293
1,0,60861,0.363,0.45,60795,66,0.310031916077332
1,0,60928,0.366,0.445,60861,67,0.334634285977663
1,0,60963,0.361,0.438,60928,35,-0.452641550832926
1,0,61028,0.355,0.421,60963,65,0.285429546177002
1,0,61064,0.355,0.411,61028,36,-0.428039180932595
1,0,61101,0.354,0.405,61064,37,-0.403436811032264
1,0,61143,0.359,0.403,61101,42,-0.280424961530609
1,0,61212,0.364,0.399,61143,69,0.383839025778325
1,0,61261,0.369,0.392,61212,49,-0.108208372228293
1,0,61311,0.379,0.388,61261,50,-0.0836060023279622
1,0,61379,0.385,0.377,61311,68,0.359236655877994
1,0,61415,0.396,0.371,61379,36,-0.428039180932595
1,0,61449,0.401,0.366,61415,34,-0.477243920733257
1,0,61507,0.403,0.361,61449,58,0.113212956874685
1,0,61561,0.415,0.349,61507,54,0.0148034772733615
1,0,61628,0.433,0.345,61561,67,0.334634285977663
1,0,61664,0.448,0.348,61628,36,-0.428039180932595
1,0,61729,0.455,0.352,61664,65,0.285429546177002
1,0,61764,0.463,0.352,61729,35,-0.452641550832926
1,0,61812,0.467,0.35,61764,48,-0.132810742128624
1,0,61859,0.478,0.341,61812,47,-0.157413112028955
1,0,61910,0.483,0.336,61859,51,-0.0590036324276313
1,0,61958,0.482,0.331,61910,48,-0.132810742128624
1,0,62024,0.39,0.287,61958,66,0.310031916077332
1,0,62026,0.48,0.331,62024,2,-1.26451975754385
1,0,62033,0.402,0.327,62026,7,-1.14150790804219
1,0,62039,0.764,0.134,62033,6,-1.16611027794252
1,0,62043,0.71,0,62039,4,-1.21531501774318
1,0,62046,0.645,0.56,62043,3,-1.23991738764352
1,0,62050,0.788,0.217,62046,4,-1.21531501774318
1,0,62053,0.792,0.251,62050,3,-1.23991738764352
1,0,62054,0.381,0.312,62053,1,-1.28912212744418
1,0,62056,0.765,0.339,62054,2,-1.26451975754385
1,0,62057,0.531,0.332,62056,1,-1.28912212744418
1,0,62057,0.71,0.475,62057,0,-1.31372449734451
1,0,62058,0.774,0.176,62057,1,-1.28912212744418
1,0,62061,0.476,0.331,62058,3,-1.23991738764352
1,0,62062,0.634,0.603,62061,1,-1.28912212744418
1,0,62065,0.387,0.329,62062,3,-1.23991738764352
1,0,62067,0.385,0.299,62065,2,-1.26451975754385
1,0,62069,0.381,0.304,62067,2,-1.26451975754385
1,0,62074,0.38,0.315,62069,5,-1.19071264784285
1,0,62161,0.475,0.325,62074,87,0.826681683984282
1,0,62210,0.469,0.326,62161,49,-0.108208372228293
1,0,62279,0.465,0.324,62210,69,0.383839025778325
1,0,62311,0.449,0.316,62279,32,-0.526448660533919
1,0,62374,0.441,0.302,62311,63,0.23622480637634
1,0,62410,0.422,0.287,62374,36,-0.428039180932595
1,0,62476,0.407,0.284,62410,66,0.310031916077332
